         0         0   16.7646
         0         0   16.7646
         0    0.0625   16.9381
         0    0.1250   16.7354
         0    0.1875   17.1396
         0    0.2500   17.1597
         0    0.3125   17.1565
         0    0.3750   17.2314
         0    0.4375   17.2136
         0    0.5000   16.1693
         0    0.5625   16.2335
         0    0.6250   15.6844
         0    0.6875   17.6704
         0    0.7500   17.7458
         0    0.8125   16.9592
         0    0.8750   16.0309
         0    0.9375   17.3765
         0    1.0000   18.7543
    0.0625         0   16.7203
    0.0625    0.0625   16.6350
    0.0625    0.1250   16.5727
    0.0625    0.1875   16.6055
    0.0625    0.2500   16.8455
    0.0625    0.3125   16.6018
    0.0625    0.3750   16.7517
    0.0625    0.4375   21.4098
    0.0625    0.5000   24.2112
    0.0625    0.5625   14.5212
    0.0625    0.6250   17.1402
    0.0625    0.6875   17.6529
    0.0625    0.7500   17.7943
    0.0625    0.8125   19.5339
    0.0625    0.8750   16.0012
    0.0625    0.9375   16.8306
    0.0625    1.0000   18.6617
    0.1250         0   14.5470
    0.1250    0.0625   14.7461
    0.1250    0.1250   15.6225
    0.1250    0.1875   20.1228
    0.1250    0.2500   19.8383
    0.1250    0.3125   18.8195
    0.1250    0.3750   17.6741
    0.1250    0.4375   19.6204
    0.1250    0.5000   14.9480
    0.1250    0.5625   15.2264
    0.1250    0.6250   17.2101
    0.1250    0.6875   17.3693
    0.1250    0.7500   17.4515
    0.1250    0.8125   11.9113
    0.1250    0.8750   13.0752
    0.1250    0.9375   15.8746
    0.1250    1.0000   20.1756
    0.1875         0   16.9690
    0.1875    0.0625   17.1997
    0.1875    0.1250   20.3544
    0.1875    0.1875   21.0902
    0.1875    0.2500   21.7904
    0.1875    0.3125   21.3650
    0.1875    0.3750   18.9835
    0.1875    0.4375   17.6079
    0.1875    0.5000   12.2948
    0.1875    0.5625   16.5249
    0.1875    0.6250   17.6427
    0.1875    0.6875   17.4114
    0.1875    0.7500   16.9295
    0.1875    0.8125   19.2375
    0.1875    0.8750   19.8603
    0.1875    0.9375   20.4989
    0.1875    1.0000   20.6966
    0.2500         0   17.4457
    0.2500    0.0625   18.8613
    0.2500    0.1250   18.9435
    0.2500    0.1875   19.6199
    0.2500    0.2500   19.9749
    0.2500    0.3125   18.9053
    0.2500    0.3750   17.0114
    0.2500    0.4375   15.1675
    0.2500    0.5000   19.3367
    0.2500    0.5625   22.9081
    0.2500    0.6250   17.4517
    0.2500    0.6875   15.5110
    0.2500    0.7500   17.7884
    0.2500    0.8125   19.8317
    0.2500    0.8750   21.7790
    0.2500    0.9375   20.8280
    0.2500    1.0000   20.2586
    0.3125         0   17.6956
    0.3125    0.0625   19.7617
    0.3125    0.1250   19.0369
    0.3125    0.1875   18.4582
    0.3125    0.2500   20.6699
    0.3125    0.3125   17.7412
    0.3125    0.3750   14.4380
    0.3125    0.4375   13.1161
    0.3125    0.5000   12.5889
    0.3125    0.5625   10.2807
    0.3125    0.6250   17.4984
    0.3125    0.6875   18.0604
    0.3125    0.7500   17.5964
    0.3125    0.8125   19.1507
    0.3125    0.8750   26.3968
    0.3125    0.9375   18.7295
    0.3125    1.0000   16.6574
    0.3750         0   17.9450
    0.3750    0.0625   16.7445
    0.3750    0.1250   11.0056
    0.3750    0.1875   22.0513
    0.3750    0.2500   25.0710
    0.3750    0.3125   14.0571
    0.3750    0.3750   12.1702
    0.3750    0.4375   16.4190
    0.3750    0.5000   20.3172
    0.3750    0.5625   19.1935
    0.3750    0.6250   17.6130
    0.3750    0.6875   19.0367
    0.3750    0.7500   17.8964
    0.3750    0.8125   17.3067
    0.3750    0.8750   24.5718
    0.3750    0.9375   16.9743
    0.3750    1.0000   16.8797
    0.4375         0   17.3096
    0.4375    0.0625   14.5942
    0.4375    0.1250   15.3532
    0.4375    0.1875   17.2938
    0.4375    0.2500   13.6267
    0.4375    0.3125   11.4936
    0.4375    0.3750   18.6722
    0.4375    0.4375   27.2705
    0.4375    0.5000   30.9901
    0.4375    0.5625   24.9848
    0.4375    0.6250   18.1037
    0.4375    0.6875   18.1544
    0.4375    0.7500   17.2707
    0.4375    0.8125   16.1640
    0.4375    0.8750   20.0588
    0.4375    0.9375   14.5436
    0.4375    1.0000   17.0203
    0.5000         0   17.0567
    0.5000    0.0625   15.4337
    0.5000    0.1250   15.6905
    0.5000    0.1875   14.6572
    0.5000    0.2500   12.5400
    0.5000    0.3125   18.2162
    0.5000    0.3750   21.4246
    0.5000    0.4375   22.7821
    0.5000    0.5000   27.0495
    0.5000    0.5625   16.4490
    0.5000    0.6250   16.9659
    0.5000    0.6875   18.9293
    0.5000    0.7500   18.9264
    0.5000    0.8125   15.1404
    0.5000    0.8750   17.0148
    0.5000    0.9375   13.2267
    0.5000    1.0000   17.2866
    0.5625         0   16.7964
    0.5625    0.0625   16.6251
    0.5625    0.1250   16.8160
    0.5625    0.1875   14.9591
    0.5625    0.2500   20.0677
    0.5625    0.3125   22.3775
    0.5625    0.3750   21.7224
    0.5625    0.4375   21.1052
    0.5625    0.5000   13.6044
    0.5625    0.5625   19.5559
    0.5625    0.6250   24.7824
    0.5625    0.6875   17.6241
    0.5625    0.7500   14.3111
    0.5625    0.8125   11.7549
    0.5625    0.8750   21.0015
    0.5625    0.9375   16.6725
    0.5625    1.0000   17.4923
    0.6250         0   16.7625
    0.6250    0.0625   16.2360
    0.6250    0.1250   15.4591
    0.6250    0.1875   15.8567
    0.6250    0.2500   23.6653
    0.6250    0.3125   21.4231
    0.6250    0.3750   19.2533
    0.6250    0.4375   21.5133
    0.6250    0.5000   22.6282
    0.6250    0.5625   25.3486
    0.6250    0.6250   24.3208
    0.6250    0.6875   15.7223
    0.6250    0.7500   10.9007
    0.6250    0.8125   16.7733
    0.6250    0.8750   25.6661
    0.6250    0.9375   16.5801
    0.6250    1.0000   17.9356
    0.6875         0   16.5216
    0.6875    0.0625   16.2262
    0.6875    0.1250   17.5184
    0.6875    0.1875   19.2336
    0.6875    0.2500   19.1327
    0.6875    0.3125   15.8762
    0.6875    0.3750   16.5599
    0.6875    0.4375   16.6085
    0.6875    0.5000   14.8222
    0.6875    0.5625   14.3783
    0.6875    0.6250   17.4475
    0.6875    0.6875   12.2735
    0.6875    0.7500   16.2201
    0.6875    0.8125   18.2015
    0.6875    0.8750   22.1516
    0.6875    0.9375   17.7786
    0.6875    1.0000   18.1414
    0.7500         0   16.1777
    0.7500    0.0625   15.3673
    0.7500    0.1250   14.3664
    0.7500    0.1875   13.9012
    0.7500    0.2500   16.3235
    0.7500    0.3125   18.6044
    0.7500    0.3750   19.5210
    0.7500    0.4375   18.6443
    0.7500    0.5000   15.3114
    0.7500    0.5625   17.6981
    0.7500    0.6250   25.0075
    0.7500    0.6875   20.6222
    0.7500    0.7500   19.0386
    0.7500    0.8125   16.6009
    0.7500    0.8750   11.3100
    0.7500    0.9375   11.0318
    0.7500    1.0000   18.7413
    0.8125         0   15.7635
    0.8125    0.0625   15.6742
    0.8125    0.1250   15.8116
    0.8125    0.1875   15.8384
    0.8125    0.2500   13.2825
    0.8125    0.3125   14.5331
    0.8125    0.3750   13.4846
    0.8125    0.4375   15.7221
    0.8125    0.5000   23.1472
    0.8125    0.5625   27.0161
    0.8125    0.6250   21.0864
    0.8125    0.6875   11.7418
    0.8125    0.7500   14.8344
    0.8125    0.8125   19.4375
    0.8125    0.8750   19.8929
    0.8125    0.9375   18.9032
    0.8125    1.0000   16.7946
    0.8750         0   15.9931
    0.8750    0.0625   15.6720
    0.8750    0.1250   15.7293
    0.8750    0.1875   16.5333
    0.8750    0.2500   16.3839
    0.8750    0.3125   14.7961
    0.8750    0.3750   13.0933
    0.8750    0.4375   16.9536
    0.8750    0.5000   13.4228
    0.8750    0.5625    9.2232
    0.8750    0.6250   10.0164
    0.8750    0.6875   12.3632
    0.8750    0.7500   16.2908
    0.8750    0.8125   19.4423
    0.8750    0.8750   20.7573
    0.8750    0.9375   20.6861
    0.8750    1.0000   19.7738
    0.9375         0   16.0049
    0.9375    0.0625   15.7568
    0.9375    0.1250   15.7099
    0.9375    0.1875   16.3536
    0.9375    0.2500   16.2657
    0.9375    0.3125   16.0879
    0.9375    0.3750   15.7511
    0.9375    0.4375   17.3474
    0.9375    0.5000   14.4652
    0.9375    0.5625   15.3540
    0.9375    0.6250   16.1786
    0.9375    0.6875   16.3634
    0.9375    0.7500   16.8631
    0.9375    0.8125   16.7527
    0.9375    0.8750   17.8075
    0.9375    0.9375   20.0444
    0.9375    1.0000   20.3418
    1.0000         0   15.7965
    1.0000    0.0625   15.7592
    1.0000    0.1250   15.6422
    1.0000    0.1875   16.1342
    1.0000    0.2500   16.0318
    1.0000    0.3125   15.9173
    1.0000    0.3750   15.5808
    1.0000    0.4375   17.1686
    1.0000    0.5000   14.1165
    1.0000    0.5625   15.2906
    1.0000    0.6250   16.2427
    1.0000    0.6875   16.3974
    1.0000    0.7500   16.8818
    1.0000    0.8125   16.9089
    1.0000    0.8750   17.8448
    1.0000    0.9375   18.6203
    1.0000    1.0000   19.5877