2.668833
2.903458
2.668409
2.905948
2.689788
2.622947
2.661822
2.903153
2.964080
3.006803
2.892254
2.700336
2.903155
2.954395
2.697894
2.901298
2.651052
2.660688
2.613852
2.669767
2.955576
2.903503
2.974823
3.017480
2.858934
2.563498
3.000625
2.963995
2.960738
2.721519
3.012074
2.965339
2.661363
2.622862
2.909358
2.698100
2.700449
2.899950
2.970274
2.999931
2.998709
2.611485
2.966084
2.969431
2.955601
2.904696
3.001585
2.634941
2.703217
2.957814
2.910350
3.000136
2.905265
2.565057
2.716944
2.956151
2.901043
2.631547
2.902284
2.682152
2.974398
2.903747
2.699576
2.561853
2.950597
2.908961
2.900558
2.903660
2.687481
3.017944
2.970643
2.957858
3.000581
2.858314
2.609793
2.623714
3.006948
2.892669
2.682515
2.705929
2.992760
2.673724
2.956763
2.976779
2.903298
2.958467
2.962283
3.017677
2.559333
2.954048
2.960013
2.909012
2.903644
2.564421
3.001115
3.000554
2.958954
2.562430
3.017901
2.909686
