0.500000 0.500000 

0.500000 0.500000 

0.166667 0.500000 

0.833333 0.500000 

0.500000 0.500000 

0.500000 0.166667 

0.166667 0.500000 

0.500000 0.833333 

0.833333 0.500000 

0.166667 0.166667 

0.166667 0.833333 

0.833333 0.166667 

0.833333 0.833333 

0.388889 0.500000 

0.500000 0.500000 

0.277778 0.500000 

0.611111 0.500000 

0.388889 0.166667 

0.500000 0.166667 

0.166667 0.500000 

0.722222 0.500000 

0.277778 0.166667 

0.611111 0.166667 

0.388889 0.833333 

0.500000 0.833333 

0.833333 0.500000 

0.055556 0.500000 

0.277778 0.833333 

0.166667 0.166667 

0.944444 0.500000 

0.722222 0.166667 

0.611111 0.833333 

0.166667 0.833333 

0.833333 0.166667 

0.722222 0.833333 

0.055556 0.166667 

0.944444 0.166667 

0.833333 0.833333 

0.055556 0.833333 

0.944444 0.833333 

0.388889 0.388889 

0.388889 0.500000 

0.500000 0.388889 

0.500000 0.500000 

0.277778 0.388889 

0.388889 0.277778 

0.277778 0.500000 

0.500000 0.277778 

0.388889 0.611111 

0.611111 0.388889 

0.500000 0.611111 

0.611111 0.500000 

0.277778 0.277778 

0.277778 0.611111 

0.611111 0.277778 

0.611111 0.611111 

0.388889 0.166667 

0.166667 0.388889 

0.722222 0.388889 

0.388889 0.722222 

0.500000 0.166667 

0.166667 0.500000 

0.722222 0.500000 

0.500000 0.722222 

0.277778 0.166667 

0.166667 0.277778 

0.277778 0.722222 

0.722222 0.277778 

0.166667 0.611111 

0.611111 0.166667 

0.722222 0.611111 

0.611111 0.722222 

0.388889 0.833333 

0.833333 0.388889 

0.500000 0.833333 

0.833333 0.500000 

0.388889 0.055556 

0.055556 0.388889 

0.500000 0.055556 

0.055556 0.500000 

0.277778 0.833333 

0.833333 0.277778 

0.388889 0.944444 

0.944444 0.388889 

0.166667 0.166667 

0.500000 0.944444 

0.944444 0.500000 

0.722222 0.166667 

0.166667 0.722222 

0.833333 0.611111 

0.611111 0.833333 

0.722222 0.722222 

0.055556 0.277778 

0.277778 0.055556 

0.611111 0.055556 

0.055556 0.611111 

0.277778 0.944444 

0.944444 0.277778 

0.944444 0.611111 

0.611111 0.944444 

0.166667 0.833333 

0.833333 0.166667 

0.722222 0.833333 

0.833333 0.722222 

0.166667 0.055556 

0.055556 0.166667 

0.722222 0.055556 

0.055556 0.722222 

0.166667 0.944444 

0.944444 0.166667 

0.722222 0.944444 

0.944444 0.722222 

0.833333 0.833333 

0.833333 0.055556 

0.055556 0.833333 

0.833333 0.944444 

0.944444 0.833333 

0.055556 0.055556 

0.944444 0.055556 

0.055556 0.944444 

0.944444 0.944444 

0.388889 0.388889 

0.388889 0.500000 

0.500000 0.388889 

0.648148 0.388889 

0.500000 0.500000 

0.648148 0.500000 

0.759259 0.388889 

0.759259 0.500000 

0.277778 0.388889 

0.388889 0.277778 

0.537037 0.388889 

0.277778 0.500000 

0.500000 0.277778 

0.537037 0.500000 

0.648148 0.277778 

0.388889 0.611111 

0.611111 0.388889 

0.500000 0.611111 

0.611111 0.500000 

0.759259 0.277778 

0.648148 0.611111 

0.240741 0.388889 

0.129630 0.388889 

0.240741 0.500000 

0.129630 0.500000 

0.759259 0.611111 

0.277778 0.277778 

0.870370 0.388889 

0.537037 0.277778 

0.870370 0.500000 

0.277778 0.611111 

0.611111 0.277778 

0.351852 0.388889 

0.537037 0.611111 

0.425926 0.388889 

0.907407 0.388889 

0.351852 0.500000 

0.425926 0.500000 

0.611111 0.611111 

0.240741 0.277778 

0.129630 0.277778 

0.907407 0.500000 

0.018519 0.388889 

0.796296 0.388889 

0.388889 0.166667 

0.166667 0.388889 

0.018519 0.500000 

0.870370 0.277778 

0.388889 0.722222 

0.722222 0.388889 

0.240741 0.611111 

0.796296 0.500000 

0.129630 0.611111 

0.500000 0.166667 

0.166667 0.500000 

0.462963 0.388889 

0.500000 0.722222 

0.722222 0.500000 

0.648148 0.166667 

0.648148 0.722222 

0.870370 0.611111 

0.462963 0.500000 

0.351852 0.277778 

0.685185 0.388889 

0.425926 0.277778 

0.759259 0.166667 

0.907407 0.277778 

0.685185 0.500000 

0.759259 0.722222 

0.574074 0.388889 

0.351852 0.611111 

0.574074 0.500000 

0.425926 0.611111 

0.314815 0.388889 

0.018519 0.277778 

0.796296 0.277778 

0.907407 0.611111 

0.277778 0.166667 

0.166667 0.277778 

0.314815 0.500000 

0.537037 0.166667 

0.277778 0.722222 

0.722222 0.277778 

0.537037 0.722222 

0.018519 0.611111 

0.462963 0.277778 

0.796296 0.611111 

0.166667 0.611111 

0.611111 0.166667 

0.981481 0.388889 

0.722222 0.611111 

0.611111 0.722222 

0.685185 0.277778 

0.981481 0.500000 

0.462963 0.611111 

0.574074 0.277778 

0.388889 0.833333 

0.833333 0.388889 

0.240741 0.166667 

0.129630 0.166667 

0.203704 0.388889 

0.240741 0.722222 

0.129630 0.722222 

0.685185 0.611111 

0.314815 0.277778 

0.500000 0.833333 

0.833333 0.500000 

0.203704 0.500000 

0.870370 0.166667 

0.648148 0.833333 

0.574074 0.611111 

0.092593 0.388889 

0.870370 0.722222 

0.314815 0.611111 

0.092593 0.500000 

0.759259 0.833333 

0.388889 0.055556 

0.055556 0.388889 

0.981481 0.277778 

0.351852 0.166667 

0.425926 0.166667 

0.500000 0.055556 

0.055556 0.500000 

0.351852 0.722222 

0.907407 0.166667 

0.425926 0.722222 

0.648148 0.055556 

0.907407 0.722222 

0.277778 0.833333 

0.833333 0.277778 

0.981481 0.611111 

0.203704 0.277778 

0.537037 0.833333 

0.944444 0.388889 

0.388889 0.944444 

0.018519 0.166667 

0.759259 0.055556 

0.796296 0.166667 

0.166667 0.166667 

0.018519 0.722222 

0.944444 0.500000 

0.500000 0.944444 

0.796296 0.722222 

0.166667 0.722222 

0.722222 0.166667 

0.833333 0.611111 

0.611111 0.833333 

0.092593 0.277778 

0.648148 0.944444 

0.203704 0.611111 

0.722222 0.722222 

0.462963 0.166667 

0.277778 0.055556 

0.055556 0.277778 

0.462963 0.722222 

0.759259 0.944444 

0.537037 0.055556 

0.092593 0.611111 

0.240741 0.833333 

0.685185 0.166667 

0.129630 0.833333 

0.685185 0.722222 

0.574074 0.166667 

0.055556 0.611111 

0.611111 0.055556 

0.870370 0.833333 

0.574074 0.722222 

0.314815 0.166667 

0.944444 0.277778 

0.277778 0.944444 

0.388889 0.388889 

0.388889 0.500000 

0.500000 0.388889 

0.648148 0.388889 

0.388889 0.648148 

0.500000 0.500000 

0.500000 0.648148 

0.648148 0.500000 

0.759259 0.388889 

0.388889 0.759259 

0.648148 0.648148 

0.759259 0.500000 

0.500000 0.759259 

0.759259 0.648148 

0.648148 0.759259 

0.277778 0.388889 

0.388889 0.277778 

0.388889 0.537037 

0.537037 0.388889 

0.759259 0.759259 

0.277778 0.500000 

0.500000 0.277778 

0.500000 0.537037 

0.537037 0.500000 

0.537037 0.944444 

0.314815 0.722222 

0.648148 0.277778 

0.277778 0.648148 

0.240741 0.055556 

0.129630 0.055556 

0.351852 0.833333 

0.611111 0.388889 

0.388889 0.611111 

0.425926 0.833333 

0.944444 0.611111 

0.611111 0.944444 

0.648148 0.537037 

0.537037 0.648148 

0.907407 0.833333 

0.981481 0.166667 

0.870370 0.055556 

0.981481 0.722222 

0.240741 0.944444 

0.129630 0.944444 

0.018519 0.833333 

0.796296 0.833333 

0.166667 0.833333 

0.833333 0.166667 

0.611111 0.500000 

0.500000 0.611111 

0.203704 0.166667 

0.351852 0.055556 

0.833333 0.722222 

0.722222 0.833333 

0.425926 0.055556 

0.203704 0.722222 

0.759259 0.277778 

0.277778 0.759259 

0.870370 0.944444 

0.907407 0.055556 

0.462963 0.833333 

0.092593 0.166667 

0.759259 0.537037 

0.537037 0.759259 

0.648148 0.611111 

0.611111 0.648148 

0.092593 0.722222 

0.685185 0.833333 

0.018519 0.055556 

0.796296 0.055556 

0.351852 0.944444 

0.388889 0.240741 

0.240741 0.388889 

0.129630 0.388889 

0.388889 0.129630 

0.425926 0.944444 

0.055556 0.166667 

0.166667 0.055556 

0.574074 0.833333 

0.907407 0.944444 

0.055556 0.722222 

0.722222 0.055556 

0.314815 0.833333 

0.462963 0.055556 

0.018519 0.944444 

0.796296 0.944444 

0.944444 0.166667 

0.166667 0.944444 

0.685185 0.055556 

0.500000 0.240741 

0.240741 0.500000 

0.129630 0.500000 

0.500000 0.129630 

0.944444 0.722222 

0.722222 0.944444 

0.759259 0.611111 

0.611111 0.759259 

0.574074 0.055556 

0.462963 0.944444 

0.981481 0.833333 

0.277778 0.277778 

0.388889 0.870370 

0.870370 0.388889 

0.314815 0.055556 

0.240741 0.648148 

0.648148 0.240741 

0.129630 0.648148 

0.648148 0.129630 

0.685185 0.944444 

0.277778 0.537037 

0.537037 0.277778 

0.833333 0.833333 

0.203704 0.833333 

0.574074 0.944444 

0.537037 0.537037 

0.314815 0.944444 

0.500000 0.870370 

0.870370 0.500000 

0.981481 0.055556 

0.092593 0.833333 

0.240741 0.759259 

0.759259 0.240741 

0.759259 0.129630 

0.129630 0.759259 

0.055556 0.833333 

0.833333 0.055556 

0.870370 0.648148 

0.648148 0.870370 

0.203704 0.055556 

0.981481 0.944444 

0.611111 0.277778 

0.277778 0.611111 

0.092593 0.055556 

0.388889 0.351852 

0.351852 0.388889 

0.611111 0.537037 

0.537037 0.611111 

0.388889 0.425926 

0.425926 0.388889 

0.512346 0.388889 

0.512346 0.500000 

0.388889 0.388889 

0.635803 0.388889 

0.512346 0.648148 

0.524691 0.388889 

0.500000 0.388889 

0.388889 0.500000 

0.635803 0.500000 

0.907407 0.388889 

0.388889 0.907407 

0.870370 0.759259 

0.759259 0.870370 

0.500000 0.351852 

0.351852 0.500000 

0.500000 0.425926 

0.425926 0.500000 

0.648148 0.388889 

0.388889 0.648148 

0.635803 0.648148 

0.376543 0.388889 

0.611111 0.611111 

0.648148 0.351852 

0.351852 0.648148 

0.277778 0.240741 

0.240741 0.277778 

0.129630 0.277778 

0.277778 0.129630 

0.907407 0.500000 

0.500000 0.907407 

0.648148 0.425926 

0.425926 0.648148 

0.524691 0.500000 

0.240741 0.537037 

0.537037 0.240741 

0.500000 0.500000 

0.129630 0.537037 

0.537037 0.129630 

0.018519 0.388889 

0.388889 0.018519 

0.907407 0.648148 

0.648148 0.907407 

0.944444 0.833333 

0.833333 0.944444 

0.203704 0.944444 

0.796296 0.388889 

0.388889 0.796296 

0.512346 0.759259 

0.055556 0.055556 

0.401235 0.388889 

0.388889 0.166667 

0.166667 0.388889 

0.759259 0.351852 

0.351852 0.759259 

0.623457 0.388889 

0.092593 0.944444 

0.018519 0.500000 

0.500000 0.018519 

0.870370 0.277778 

0.277778 0.870370 

0.759259 0.425926 

0.425926 0.759259 

0.722222 0.388889 

0.388889 0.722222 

0.611111 0.240741 

0.240741 0.611111 

0.796296 0.500000 

0.500000 0.796296 

0.129630 0.611111 

0.611111 0.129630 

0.944444 0.055556 

0.055556 0.944444 

0.870370 0.537037 

0.537037 0.870370 

0.500000 0.166667 

0.166667 0.500000 

0.524691 0.648148 

0.907407 0.759259 

0.759259 0.907407 

0.018519 0.648148 

0.648148 0.018519 

0.500000 0.648148 

0.648148 0.500000 

0.796296 0.648148 

0.648148 0.796296 

0.376543 0.500000 

0.388889 0.462963 

0.462963 0.388889 

0.500000 0.722222 

0.722222 0.500000 

0.648148 0.166667 

0.166667 0.648148 

0.944444 0.944444 

0.648148 0.722222 

0.722222 0.648148 

0.870370 0.611111 

0.611111 0.870370 

0.500000 0.462963 

0.462963 0.500000 

0.759259 0.018519 

0.018519 0.759259 

0.277778 0.351852 

0.351852 0.277778 

0.388889 0.685185 

0.685185 0.388889 

0.240741 0.240741 

0.129630 0.240741 

0.240741 0.129630 

0.129630 0.129630 

0.277778 0.425926 

0.425926 0.277778 

0.401235 0.500000 

0.265432 0.388889 

0.759259 0.388889 

0.388889 0.759259 

0.759259 0.796296 

0.796296 0.759259 

0.635803 0.759259 

0.537037 0.351852 

0.351852 0.537037 

0.759259 0.166667 

0.166667 0.759259 

0.623457 0.500000 

0.648148 0.462963 

0.462963 0.648148 

0.537037 0.425926 

0.425926 0.537037 

0.648148 0.648148 

0.907407 0.277778 

0.277778 0.907407 

0.376543 0.648148 

0.500000 0.685185 

0.685185 0.500000 

0.759259 0.722222 

0.722222 0.759259 

0.388889 0.574074 

0.574074 0.388889 

0.907407 0.537037 

0.537037 0.907407 

0.512346 0.512346 

0.512346 0.388889 

0.388889 0.512346 

0.635803 0.512346 

0.512346 0.635803 

0.401235 0.648148 

0.623457 0.648148 

0.524691 0.759259 

0.265432 0.500000 

0.759259 0.500000 

0.500000 0.759259 

0.771605 0.388889 

0.512346 0.277778 

0.253086 0.388889 

0.265432 0.648148 

0.870370 0.240741 

0.240741 0.870370 

0.759259 0.648148 

0.648148 0.759259 

0.870370 0.129630 

0.129630 0.870370 

0.648148 0.685185 

0.685185 0.648148 

0.611111 0.351852 

0.351852 0.611111 

0.376543 0.759259 

0.759259 0.462963 

0.462963 0.759259 

0.500000 0.574074 

0.574074 0.500000 

0.512346 0.537037 

0.611111 0.425926 

0.425926 0.611111 

0.388889 0.314815 

0.314815 0.388889 

0.018519 0.277778 

0.277778 0.018519 

0.796296 0.277778 

0.277778 0.796296 

0.907407 0.611111 

0.611111 0.907407 

0.018519 0.537037 

0.537037 0.018519 

0.648148 0.574074 

0.574074 0.648148 

0.277778 0.166667 

0.166667 0.277778 

0.500000 0.314815 

0.314815 0.500000 

0.796296 0.537037 

0.537037 0.796296 

0.759259 0.685185 

0.685185 0.759259 

0.166667 0.537037 

0.537037 0.166667 

0.401235 0.759259 

0.870370 0.870370 

0.277778 0.722222 

0.722222 0.277778 

0.623457 0.759259 

0.771605 0.500000 

0.648148 0.314815 

0.314815 0.648148 

0.722222 0.537037 

0.537037 0.722222 

0.240741 0.351852 

0.351852 0.240741 

0.253086 0.500000 

0.129630 0.351852 

0.351852 0.129630 

0.277778 0.388889 

0.388889 0.277778 

0.635803 0.277778 

0.240741 0.425926 

0.425926 0.240741 

0.129630 0.425926 

0.425926 0.129630 

0.759259 0.574074 

0.574074 0.759259 

0.018519 0.611111 

0.611111 0.018519 

0.746914 0.388889 

0.277778 0.462963 

0.462963 0.277778 

0.512346 0.524691 

0.524691 0.512346 

0.796296 0.611111 

0.611111 0.796296 

0.907407 0.240741 

0.240741 0.907407 

0.907407 0.129630 

0.129630 0.907407 

0.166667 0.611111 

0.611111 0.166667 

0.537037 0.462963 

0.462963 0.537037 

0.981481 0.388889 

0.388889 0.981481 

0.388889 0.537037 

0.537037 0.388889 

0.635803 0.537037 

0.759259 0.314815 

0.314815 0.759259 

0.512346 0.500000 

0.500000 0.512346 

0.722222 0.611111 

0.611111 0.722222 

0.870370 0.351852 

0.351852 0.870370 

0.277778 0.685185 

0.685185 0.277778 

0.487654 0.388889 

0.870370 0.425926 

0.425926 0.870370 

0.771605 0.648148 

0.981481 0.500000 

0.500000 0.981481 

0.253086 0.648148 

0.685185 0.537037 

0.537037 0.685185 

0.388889 0.388889 

0.512346 0.512346 

0.516461 0.512346 

0.508230 0.512346 

0.635803 0.388889 

0.388889 0.635803 

0.635803 0.635803 

0.265432 0.759259 

0.759259 0.759259 

0.524691 0.277778 

0.512346 0.611111 

0.277778 0.500000 

0.500000 0.277778 

0.746914 0.500000 

0.660494 0.388889 

0.512346 0.648148 

0.648148 0.512346 

0.018519 0.240741 

0.240741 0.018519 

0.018519 0.129630 

0.129630 0.018519 

0.907407 0.870370 

0.870370 0.907407 

0.364198 0.388889 

0.611111 0.462963 

0.462963 0.611111 

0.524691 0.537037 

0.981481 0.648148 

0.648148 0.981481 

0.277778 0.574074 

0.574074 0.277778 

0.796296 0.240741 

0.240741 0.796296 

0.796296 0.129630 

0.129630 0.796296 

0.500000 0.537037 

0.537037 0.500000 

0.833333 0.388889 

0.388889 0.833333 

0.166667 0.240741 

0.240741 0.166667 

0.129630 0.166667 

0.166667 0.129630 

0.376543 0.512346 

0.512346 0.376543 

0.388889 0.203704 

0.203704 0.388889 

0.537037 0.574074 

0.574074 0.537037 

0.487654 0.500000 

0.722222 0.240741 

0.240741 0.722222 

0.129630 0.722222 

0.722222 0.129630 

0.611111 0.685185 

0.685185 0.611111 

0.648148 0.277778 

0.277778 0.648148 

0.277778 0.314815 

0.314815 0.277778 

0.500000 0.833333 

0.833333 0.500000 

0.351852 0.351852 

0.376543 0.277778 

0.870370 0.018519 

0.018519 0.870370 

0.746914 0.648148 

0.500000 0.203704 

0.203704 0.500000 

0.351852 0.425926 

0.425926 0.351852 

0.413580 0.388889 

0.537037 0.314815 

0.314815 0.537037 

0.759259 0.981481 

0.981481 0.759259 

0.425926 0.425926 

0.870370 0.796296 

0.796296 0.870370 

0.240741 0.462963 

0.462963 0.240741 

0.129630 0.462963 

0.462963 0.129630 

0.870370 0.166667 

0.166667 0.870370 

0.833333 0.648148 

0.648148 0.833333 

0.611111 0.388889 

0.388889 0.611111 

0.635803 0.611111 

0.907407 0.351852 

0.351852 0.907407 

0.611111 0.574074 

0.574074 0.611111 

0.524691 0.388889 

0.388889 0.524691 

0.648148 0.203704 

0.203704 0.648148 

0.635803 0.524691 

0.524691 0.635803 

0.907407 0.425926 

0.425926 0.907407 

0.660494 0.500000 

0.092593 0.388889 

0.388889 0.092593 

0.648148 0.537037 

0.537037 0.648148 

0.771605 0.759259 

0.870370 0.722222 

0.722222 0.870370 

0.376543 0.537037 

0.401235 0.277778 

0.253086 0.759259 

0.364198 0.500000 

0.487654 0.648148 

0.907407 0.907407 

0.500000 0.388889 

0.388889 0.500000 

0.623457 0.277778 

0.635803 0.500000 

0.500000 0.635803 

0.685185 0.240741 

0.240741 0.685185 

0.129630 0.685185 

0.685185 0.129630 

0.611111 0.314815 

0.314815 0.611111 

0.092593 0.500000 

0.500000 0.092593 

0.759259 0.833333 

0.833333 0.759259 

0.512346 0.512346 

0.520576 0.512346 

0.512346 0.516461 

0.516461 0.512346 

0.504115 0.512346 

0.401235 0.512346 

0.512346 0.401235 

0.508230 0.512346 

0.512346 0.508230 

0.623457 0.512346 

0.512346 0.623457 

0.401235 0.537037 

0.870370 0.462963 

0.462963 0.870370 

0.018519 0.351852 

0.351852 0.018519 

0.055556 0.388889 

0.388889 0.055556 

0.759259 0.203704 

0.203704 0.759259 

0.623457 0.537037 

0.018519 0.425926 

0.425926 0.018519 

0.660494 0.648148 

0.648148 0.092593 

0.092593 0.648148 

0.413580 0.500000 

0.796296 0.351852 

0.351852 0.796296 

0.981481 0.277778 

0.277778 0.981481 

0.240741 0.574074 

0.574074 0.240741 

0.524691 0.611111 

0.129630 0.574074 

0.574074 0.129630 

0.141975 0.388889 

0.796296 0.425926 

0.425926 0.796296 

0.166667 0.351852 

0.351852 0.166667 

0.882716 0.388889 

0.364198 0.648148 

0.512346 0.388889 

0.388889 0.512346 

0.166667 0.425926 

0.425926 0.166667 

0.611111 0.500000 

0.500000 0.611111 

0.907407 0.018519 

0.018519 0.907407 

0.512346 0.240741 

0.981481 0.537037 

0.537037 0.981481 

0.512346 0.129630 

0.635803 0.512346 

0.512346 0.635803 

0.055556 0.500000 

0.500000 0.055556 

0.870370 0.685185 

0.685185 0.870370 

0.907407 0.796296 

0.796296 0.907407 

0.722222 0.351852 

0.351852 0.722222 

0.907407 0.166667 

0.166667 0.907407 

0.722222 0.425926 

0.425926 0.722222 

0.265432 0.277778 

0.240741 0.314815 

0.314815 0.240741 

0.759259 0.277778 

0.277778 0.759259 

0.129630 0.314815 

0.314815 0.129630 

0.055556 0.648148 

0.648148 0.055556 

0.759259 0.092593 

0.092593 0.759259 

0.746914 0.759259 

0.907407 0.722222 

0.722222 0.907407 

0.870370 0.574074 

0.574074 0.870370 

0.351852 0.462963 

0.462963 0.351852 

0.277778 0.833333 

0.833333 0.277778 

0.425926 0.462963 

0.462963 0.425926 

0.018519 0.018519 

0.981481 0.611111 

0.611111 0.981481 

0.413580 0.648148 

0.277778 0.203704 

0.203704 0.277778 

0.833333 0.537037 

0.537037 0.833333 

0.265432 0.537037 

0.018519 0.796296 

0.796296 0.018519 

0.759259 0.537037 

0.537037 0.759259 

0.944444 0.388889 

0.388889 0.944444 

0.611111 0.648148 

0.648148 0.611111 

0.537037 0.203704 

0.203704 0.537037 

0.018519 0.166667 

0.166667 0.018519 

0.907407 0.462963 

0.462963 0.907407 

0.796296 0.796296 

0.376543 0.611111 

0.870370 0.314815 

0.314815 0.870370 

0.055556 0.759259 

0.759259 0.055556 

0.487654 0.759259 

0.512346 0.512346 

0.513717 0.512346 

0.510974 0.512346 

0.639918 0.512346 

0.384774 0.512346 

0.515089 0.512346 

0.648148 0.388889 

0.388889 0.648148 

0.635803 0.648148 

0.648148 0.635803 

0.141975 0.500000 

0.882716 0.500000 

0.796296 0.166667 

0.166667 0.796296 

0.783951 0.388889 

0.685185 0.351852 

0.351852 0.685185 

0.166667 0.166667 

0.018519 0.722222 

0.722222 0.018519 

0.685185 0.425926 

0.425926 0.685185 

0.524691 0.524691 

0.895062 0.388889 

0.376543 0.388889 

0.388889 0.376543 

0.635803 0.376543 

0.376543 0.635803 

0.944444 0.500000 

0.500000 0.944444 

0.240741 0.388889 

0.388889 0.240741 

0.635803 0.240741 

0.129630 0.388889 

0.388889 0.129630 

0.635803 0.129630 

0.796296 0.722222 

0.722222 0.796296 

0.516461 0.388889 

0.166667 0.722222 

0.722222 0.166667 

0.907407 0.685185 

0.685185 0.907407 

0.516461 0.635803 

0.833333 0.611111 

0.611111 0.833333 

0.401235 0.611111 

0.092593 0.277778 

0.277778 0.092593 

0.574074 0.351852 

0.351852 0.574074 

0.981481 0.240741 

0.240741 0.981481 

0.981481 0.129630 

0.129630 0.981481 

0.944444 0.648148 

0.648148 0.944444 

0.524691 0.500000 

0.500000 0.524691 

0.611111 0.203704 

