0.500000 0.500000 

0.500000 0.500000 

0.500000 0.500000 

0.388889 0.500000 

0.388889 0.388889 

0.388889 0.388889 

0.388889 0.388889 

0.388889 0.388889 

0.388889 0.388889 

0.388889 0.388889 

0.388889 0.388889 

0.387517 0.388889 

0.387517 0.387517 

0.387974 0.387517 

0.387974 0.387974 

0.388127 0.387974 

0.388127 0.388127 

0.388127 0.388127 

0.388127 0.388127 

0.388127 0.388127 

0.388127 0.388127 

0.388127 0.388127 

0.388127 0.388132 

0.166667 0.500000 

0.500000 0.500000 

0.388127 0.388132 

0.388129 0.388132 

0.388127 0.388131 

0.388127 0.388132 

0.388129 0.388131 

0.388129 0.388132 

0.388126 0.388131 

0.388126 0.388130 

0.388126 0.388130 

0.388126 0.388130 

0.388126 0.388130 

0.388126 0.388130 

0.388126 0.388130 

0.388126 0.388130 

0.388126 0.388130 

0.388126 0.388130 

0.388126 0.388130 

0.388126 0.388130 

0.388126 0.388130 

0.388126 0.388130 

0.388126 0.388130 

0.388126 0.388130 

0.388126 0.388130 

0.388126 0.388130 

0.388126 0.388130 

0.388126 0.388130 

0.388126 0.388130 

0.388126 0.388130 

0.388126 0.388130 

0.388126 0.388130 

0.388126 0.388130 

0.388126 0.388130 

0.388126 0.388130 

0.388126 0.388130 

0.388126 0.388130 

0.388126 0.388130 

0.388126 0.388130 

0.388126 0.388130 

0.388126 0.388130 

0.388126 0.388130 

0.388126 0.388130 

0.388126 0.388130 

0.388126 0.388130 

0.388126 0.388130 

0.388126 0.388130 

0.388126 0.388130 

0.388126 0.388130 

0.388126 0.388130 

0.388126 0.388130 

0.388126 0.388130 

0.388126 0.388130 

0.388126 0.388130 

0.388126 0.388130 

0.388126 0.388130 

0.388126 0.388130 

0.388126 0.388130 

0.388126 0.388130 

0.388126 0.388130 

0.388126 0.388130 

0.388126 0.388130 

0.388126 0.388130 

0.388126 0.388130 

0.388126 0.388130 

0.388126 0.388130 

0.388126 0.388130 

0.388126 0.388130 

0.388126 0.388130 

0.388126 0.388130 

0.388126 0.388130 

0.388126 0.388130 

0.388126 0.388130 

0.388126 0.388130 

0.388126 0.388130 

0.388126 0.388130 

0.388126 0.388130 

0.388126 0.388130 

